100 143311
200 9607
300 18478
400 31290
500 43935
600 62277
700 88404
800 110042
900 136299
1000 208598
1100 248086
1200 343482
1300 298163
1400 426413
1500 487585
1600 565269
1700 613062
1800 757709
1900 909202
2000 918312
2100 815544
2200 1007302
2300 979456
2400 1377389
2500 1430019
2600 1419378
2700 1530389
2800 1402387
2900 1521560
3000 1695869
3100 1725115
3200 2027145
3300 2114720
3400 1787980
3500 2049635
3600 2232459
3700 2146220
3800 2393715
3900 2595083
4000 2646904
4100 2524419
4200 2820866
4300 2817602
4400 2925103
4500 3211800
4600 3431047
4700 3329186
4800 3527214
4900 3514766
5000 3594714
5100 3902999
5200 4021806
5300 4119575
5400 4352072
5500 4821554
5600 4915364
5700 4866946
5800 5766939
5900 5656441
6000 5538837
6100 6127285
6200 6002875
6300 6040283
6400 6816580
6500 6484913
6600 7082076
6700 6776676
6800 6959883
6900 7198215
7000 7434873
